Date;Jour;Horaire;Plateforme;Article;Titre;Format;Priorite;Objectif_SEO;Actions
30/10/2025;Thursday;08:00;Blog Fluxa.fr;agent-ia-n8n;Créer un agent IA avec n8n : l’automatisation intelligente p...;Article complet (800-1200 mots);CRITIQUE;Indexation Google + Référencement organique;Publier article complet, optimiser URL, ajouter images, schema.org
30/10/2025;Thursday;10:00;LinkedIn;agent-ia-n8n;Créer un agent IA avec n8n : l’automatisation intelligente p...;Post long (1300 caractères) + lien blog;HAUTE;Backlink + Trafic qualifié B2B;Extraire intro + 2 points clés + conclusion + lien Fluxa.fr
05/11/2025;Wednesday;14:00;Facebook;agent-ia-n8n;Créer un agent IA avec n8n : l’automatisation intelligente p...;Post court (200 caractères) + visuel + lien;MOYENNE;Trafic social + Notoriété marque;Créer visuel accrocheur + texte court + CTA + lien en commentaire
06/11/2025;Thursday;08:00;Blog Fluxa.fr;automatisation-administrative-entreprise;Automatisation Administrative d’Entreprise : Comment Gagner ...;Article complet (800-1200 mots);CRITIQUE;Indexation Google + Référencement organique;Publier article complet, optimiser URL, ajouter images, schema.org
06/11/2025;Thursday;10:00;LinkedIn;automatisation-administrative-entreprise;Automatisation Administrative d’Entreprise : Comment Gagner ...;Post long (1300 caractères) + lien blog;MOYENNE;Backlink + Trafic qualifié B2B;Extraire intro + 2 points clés + conclusion + lien Fluxa.fr
12/11/2025;Wednesday;14:00;Facebook;automatisation-administrative-entreprise;Automatisation Administrative d’Entreprise : Comment Gagner ...;Post court (200 caractères) + visuel + lien;HAUTE;Trafic social + Notoriété marque;Créer visuel accrocheur + texte court + CTA + lien en commentaire
13/11/2025;Thursday;17:00;Instagram;automatisation-administrative-entreprise;Automatisation Administrative d’Entreprise : Comment Gagner ...;Carrousel (5-7 slides) + Stories;MOYENNE;Engagement + Notoriété + Trafic indirect;Créer carrousel infographique + Stories avec swipe-up/lien bio
14/11/2025;Friday;09:00;Instagram Stories;automatisation-administrative-entreprise;Automatisation Administrative d’Entreprise : Comment Gagner ...;Stories interactives (3-5 slides);BASSE;Rappel + Engagement;Quiz/Sondage + Lien swipe-up vers blog
13/11/2025;Thursday;08:00;Blog Fluxa.fr;automatisation-communication-client;Automatisation de la Communication Client : Les Bonnes Prati...;Article complet (800-1200 mots);CRITIQUE;Indexation Google + Référencement organique;Publier article complet, optimiser URL, ajouter images, schema.org
13/11/2025;Thursday;10:00;LinkedIn;automatisation-communication-client;Automatisation de la Communication Client : Les Bonnes Prati...;Post long (1300 caractères) + lien blog;MOYENNE;Backlink + Trafic qualifié B2B;Extraire intro + 2 points clés + conclusion + lien Fluxa.fr
19/11/2025;Wednesday;14:00;Facebook;automatisation-communication-client;Automatisation de la Communication Client : Les Bonnes Prati...;Post court (200 caractères) + visuel + lien;MOYENNE;Trafic social + Notoriété marque;Créer visuel accrocheur + texte court + CTA + lien en commentaire
20/11/2025;Thursday;17:00;Instagram;automatisation-communication-client;Automatisation de la Communication Client : Les Bonnes Prati...;Carrousel (5-7 slides) + Stories;MOYENNE;Engagement + Notoriété + Trafic indirect;Créer carrousel infographique + Stories avec swipe-up/lien bio
20/11/2025;Thursday;08:00;Blog Fluxa.fr;automatisation-gestion-clients-2025;Automatisation de la Gestion Clients en 2025 : Les Nouvelles...;Article complet (800-1200 mots);CRITIQUE;Indexation Google + Référencement organique;Publier article complet, optimiser URL, ajouter images, schema.org
20/11/2025;Thursday;10:00;LinkedIn;automatisation-gestion-clients-2025;Automatisation de la Gestion Clients en 2025 : Les Nouvelles...;Post long (1300 caractères) + lien blog;HAUTE;Backlink + Trafic qualifié B2B;Extraire intro + 2 points clés + conclusion + lien Fluxa.fr
26/11/2025;Wednesday;14:00;Facebook;automatisation-gestion-clients-2025;Automatisation de la Gestion Clients en 2025 : Les Nouvelles...;Post court (200 caractères) + visuel + lien;MOYENNE;Trafic social + Notoriété marque;Créer visuel accrocheur + texte court + CTA + lien en commentaire
27/11/2025;Thursday;17:00;Instagram;automatisation-gestion-clients-2025;Automatisation de la Gestion Clients en 2025 : Les Nouvelles...;Carrousel (5-7 slides) + Stories;MOYENNE;Engagement + Notoriété + Trafic indirect;Créer carrousel infographique + Stories avec swipe-up/lien bio
27/11/2025;Thursday;08:00;Blog Fluxa.fr;automatisation-pour-independants;Automatisation pour Indépendants : Les Outils Incontournable...;Article complet (800-1200 mots);CRITIQUE;Indexation Google + Référencement organique;Publier article complet, optimiser URL, ajouter images, schema.org
27/11/2025;Thursday;10:00;LinkedIn;automatisation-pour-independants;Automatisation pour Indépendants : Les Outils Incontournable...;Post long (1300 caractères) + lien blog;HAUTE;Backlink + Trafic qualifié B2B;Extraire intro + 2 points clés + conclusion + lien Fluxa.fr
03/12/2025;Wednesday;14:00;Facebook;automatisation-pour-independants;Automatisation pour Indépendants : Les Outils Incontournable...;Post court (200 caractères) + visuel + lien;HAUTE;Trafic social + Notoriété marque;Créer visuel accrocheur + texte court + CTA + lien en commentaire
04/12/2025;Thursday;17:00;Instagram;automatisation-pour-independants;Automatisation pour Indépendants : Les Outils Incontournable...;Carrousel (5-7 slides) + Stories;HAUTE;Engagement + Notoriété + Trafic indirect;Créer carrousel infographique + Stories avec swipe-up/lien bio
05/12/2025;Friday;09:00;Instagram Stories;automatisation-pour-independants;Automatisation pour Indépendants : Les Outils Incontournable...;Stories interactives (3-5 slides);BASSE;Rappel + Engagement;Quiz/Sondage + Lien swipe-up vers blog
04/12/2025;Thursday;08:00;Blog Fluxa.fr;automatisation-seo-contenu-ia;Automatisation SEO et contenu IA : comment générer du trafic...;Article complet (800-1200 mots);CRITIQUE;Indexation Google + Référencement organique;Publier article complet, optimiser URL, ajouter images, schema.org
04/12/2025;Thursday;10:00;LinkedIn;automatisation-seo-contenu-ia;Automatisation SEO et contenu IA : comment générer du trafic...;Post long (1300 caractères) + lien blog;HAUTE;Backlink + Trafic qualifié B2B;Extraire intro + 2 points clés + conclusion + lien Fluxa.fr
10/12/2025;Wednesday;14:00;Facebook;automatisation-seo-contenu-ia;Automatisation SEO et contenu IA : comment générer du trafic...;Post court (200 caractères) + visuel + lien;MOYENNE;Trafic social + Notoriété marque;Créer visuel accrocheur + texte court + CTA + lien en commentaire
11/12/2025;Thursday;08:00;Blog Fluxa.fr;automatiser-entreprise-n8n;Automatiser son entreprise avec n8n : gagnez du temps et boo...;Article complet (800-1200 mots);CRITIQUE;Indexation Google + Référencement organique;Publier article complet, optimiser URL, ajouter images, schema.org
11/12/2025;Thursday;10:00;LinkedIn;automatiser-entreprise-n8n;Automatiser son entreprise avec n8n : gagnez du temps et boo...;Post long (1300 caractères) + lien blog;HAUTE;Backlink + Trafic qualifié B2B;Extraire intro + 2 points clés + conclusion + lien Fluxa.fr
17/12/2025;Wednesday;14:00;Facebook;automatiser-entreprise-n8n;Automatiser son entreprise avec n8n : gagnez du temps et boo...;Post court (200 caractères) + visuel + lien;MOYENNE;Trafic social + Notoriété marque;Créer visuel accrocheur + texte court + CTA + lien en commentaire
18/12/2025;Thursday;08:00;Blog Fluxa.fr;automatiser-son-entreprise-en-2025;Automatiser son Entreprise en 2025 : Les Clés pour Gagner du...;Article complet (800-1200 mots);CRITIQUE;Indexation Google + Référencement organique;Publier article complet, optimiser URL, ajouter images, schema.org
18/12/2025;Thursday;10:00;LinkedIn;automatiser-son-entreprise-en-2025;Automatiser son Entreprise en 2025 : Les Clés pour Gagner du...;Post long (1300 caractères) + lien blog;HAUTE;Backlink + Trafic qualifié B2B;Extraire intro + 2 points clés + conclusion + lien Fluxa.fr
24/12/2025;Wednesday;14:00;Facebook;automatiser-son-entreprise-en-2025;Automatiser son Entreprise en 2025 : Les Clés pour Gagner du...;Post court (200 caractères) + visuel + lien;MOYENNE;Trafic social + Notoriété marque;Créer visuel accrocheur + texte court + CTA + lien en commentaire
25/12/2025;Thursday;17:00;Instagram;automatiser-son-entreprise-en-2025;Automatiser son Entreprise en 2025 : Les Clés pour Gagner du...;Carrousel (5-7 slides) + Stories;MOYENNE;Engagement + Notoriété + Trafic indirect;Créer carrousel infographique + Stories avec swipe-up/lien bio
25/12/2025;Thursday;08:00;Blog Fluxa.fr;automatiser-taches-repetitives-travail;Automatiser les Tâches Répétitives au Travail : Méthodes et ...;Article complet (800-1200 mots);CRITIQUE;Indexation Google + Référencement organique;Publier article complet, optimiser URL, ajouter images, schema.org
25/12/2025;Thursday;10:00;LinkedIn;automatiser-taches-repetitives-travail;Automatiser les Tâches Répétitives au Travail : Méthodes et ...;Post long (1300 caractères) + lien blog;MOYENNE;Backlink + Trafic qualifié B2B;Extraire intro + 2 points clés + conclusion + lien Fluxa.fr
31/12/2025;Wednesday;14:00;Facebook;automatiser-taches-repetitives-travail;Automatiser les Tâches Répétitives au Travail : Méthodes et ...;Post court (200 caractères) + visuel + lien;MOYENNE;Trafic social + Notoriété marque;Créer visuel accrocheur + texte court + CTA + lien en commentaire
01/01/2026;Thursday;17:00;Instagram;automatiser-taches-repetitives-travail;Automatiser les Tâches Répétitives au Travail : Méthodes et ...;Carrousel (5-7 slides) + Stories;MOYENNE;Engagement + Notoriété + Trafic indirect;Créer carrousel infographique + Stories avec swipe-up/lien bio
01/01/2026;Thursday;08:00;Blog Fluxa.fr;comment-automatiser-sa-facturation;Comment Automatiser sa Facturation : Guide Complet 2025...;Article complet (800-1200 mots);CRITIQUE;Indexation Google + Référencement organique;Publier article complet, optimiser URL, ajouter images, schema.org
01/01/2026;Thursday;10:00;LinkedIn;comment-automatiser-sa-facturation;Comment Automatiser sa Facturation : Guide Complet 2025...;Post long (1300 caractères) + lien blog;MOYENNE;Backlink + Trafic qualifié B2B;Extraire intro + 2 points clés + conclusion + lien Fluxa.fr
07/01/2026;Wednesday;14:00;Facebook;comment-automatiser-sa-facturation;Comment Automatiser sa Facturation : Guide Complet 2025...;Post court (200 caractères) + visuel + lien;HAUTE;Trafic social + Notoriété marque;Créer visuel accrocheur + texte court + CTA + lien en commentaire
08/01/2026;Thursday;17:00;Instagram;comment-automatiser-sa-facturation;Comment Automatiser sa Facturation : Guide Complet 2025...;Carrousel (5-7 slides) + Stories;MOYENNE;Engagement + Notoriété + Trafic indirect;Créer carrousel infographique + Stories avec swipe-up/lien bio
09/01/2026;Friday;09:00;Instagram Stories;comment-automatiser-sa-facturation;Comment Automatiser sa Facturation : Guide Complet 2025...;Stories interactives (3-5 slides);BASSE;Rappel + Engagement;Quiz/Sondage + Lien swipe-up vers blog
08/01/2026;Thursday;08:00;Blog Fluxa.fr;comment-creer-des-automatisations-avec-ia;Comment Créer des Automatisations avec l’Intelligence Artifi...;Article complet (800-1200 mots);CRITIQUE;Indexation Google + Référencement organique;Publier article complet, optimiser URL, ajouter images, schema.org
08/01/2026;Thursday;10:00;LinkedIn;comment-creer-des-automatisations-avec-ia;Comment Créer des Automatisations avec l’Intelligence Artifi...;Post long (1300 caractères) + lien blog;HAUTE;Backlink + Trafic qualifié B2B;Extraire intro + 2 points clés + conclusion + lien Fluxa.fr
14/01/2026;Wednesday;14:00;Facebook;comment-creer-des-automatisations-avec-ia;Comment Créer des Automatisations avec l’Intelligence Artifi...;Post court (200 caractères) + visuel + lien;MOYENNE;Trafic social + Notoriété marque;Créer visuel accrocheur + texte court + CTA + lien en commentaire
15/01/2026;Thursday;08:00;Blog Fluxa.fr;comment-creer-un-workflow-automatise;Comment Créer un Workflow Automatisé : Guide Complet 2025...;Article complet (800-1200 mots);CRITIQUE;Indexation Google + Référencement organique;Publier article complet, optimiser URL, ajouter images, schema.org
15/01/2026;Thursday;10:00;LinkedIn;comment-creer-un-workflow-automatise;Comment Créer un Workflow Automatisé : Guide Complet 2025...;Post long (1300 caractères) + lien blog;HAUTE;Backlink + Trafic qualifié B2B;Extraire intro + 2 points clés + conclusion + lien Fluxa.fr
21/01/2026;Wednesday;14:00;Facebook;comment-creer-un-workflow-automatise;Comment Créer un Workflow Automatisé : Guide Complet 2025...;Post court (200 caractères) + visuel + lien;MOYENNE;Trafic social + Notoriété marque;Créer visuel accrocheur + texte court + CTA + lien en commentaire
22/01/2026;Thursday;08:00;Blog Fluxa.fr;comment-utiliser-n8n-debutant;Comment Utiliser n8n pour Débuter : Guide Complet 2025...;Article complet (800-1200 mots);CRITIQUE;Indexation Google + Référencement organique;Publier article complet, optimiser URL, ajouter images, schema.org
22/01/2026;Thursday;10:00;LinkedIn;comment-utiliser-n8n-debutant;Comment Utiliser n8n pour Débuter : Guide Complet 2025...;Post long (1300 caractères) + lien blog;HAUTE;Backlink + Trafic qualifié B2B;Extraire intro + 2 points clés + conclusion + lien Fluxa.fr
28/01/2026;Wednesday;14:00;Facebook;comment-utiliser-n8n-debutant;Comment Utiliser n8n pour Débuter : Guide Complet 2025...;Post court (200 caractères) + visuel + lien;MOYENNE;Trafic social + Notoriété marque;Créer visuel accrocheur + texte court + CTA + lien en commentaire
29/01/2026;Thursday;08:00;Blog Fluxa.fr;crm-automatise-tpe;CRM Automatisé pour TPE : Le Guide 2025 pour Gagner du Temps...;Article complet (800-1200 mots);CRITIQUE;Indexation Google + Référencement organique;Publier article complet, optimiser URL, ajouter images, schema.org
29/01/2026;Thursday;10:00;LinkedIn;crm-automatise-tpe;CRM Automatisé pour TPE : Le Guide 2025 pour Gagner du Temps...;Post long (1300 caractères) + lien blog;HAUTE;Backlink + Trafic qualifié B2B;Extraire intro + 2 points clés + conclusion + lien Fluxa.fr
04/02/2026;Wednesday;14:00;Facebook;crm-automatise-tpe;CRM Automatisé pour TPE : Le Guide 2025 pour Gagner du Temps...;Post court (200 caractères) + visuel + lien;MOYENNE;Trafic social + Notoriété marque;Créer visuel accrocheur + texte court + CTA + lien en commentaire
05/02/2026;Thursday;08:00;Blog Fluxa.fr;facturation-relances-n8n;Automatiser la facturation et les relances avec n8n : simpli...;Article complet (800-1200 mots);CRITIQUE;Indexation Google + Référencement organique;Publier article complet, optimiser URL, ajouter images, schema.org
05/02/2026;Thursday;10:00;LinkedIn;facturation-relances-n8n;Automatiser la facturation et les relances avec n8n : simpli...;Post long (1300 caractères) + lien blog;HAUTE;Backlink + Trafic qualifié B2B;Extraire intro + 2 points clés + conclusion + lien Fluxa.fr
11/02/2026;Wednesday;14:00;Facebook;facturation-relances-n8n;Automatiser la facturation et les relances avec n8n : simpli...;Post court (200 caractères) + visuel + lien;MOYENNE;Trafic social + Notoriété marque;Créer visuel accrocheur + texte court + CTA + lien en commentaire
12/02/2026;Thursday;08:00;Blog Fluxa.fr;Fluxa_Article2_Automatiser_Generation_Leads_Entreprise;Automatiser la Génération de Leads en Entreprise : Stratégie...;Article complet (800-1200 mots);CRITIQUE;Indexation Google + Référencement organique;Publier article complet, optimiser URL, ajouter images, schema.org
12/02/2026;Thursday;10:00;LinkedIn;Fluxa_Article2_Automatiser_Generation_Leads_Entreprise;Automatiser la Génération de Leads en Entreprise : Stratégie...;Post long (1300 caractères) + lien blog;MOYENNE;Backlink + Trafic qualifié B2B;Extraire intro + 2 points clés + conclusion + lien Fluxa.fr
18/02/2026;Wednesday;14:00;Facebook;Fluxa_Article2_Automatiser_Generation_Leads_Entreprise;Automatiser la Génération de Leads en Entreprise : Stratégie...;Post court (200 caractères) + visuel + lien;MOYENNE;Trafic social + Notoriété marque;Créer visuel accrocheur + texte court + CTA + lien en commentaire
19/02/2026;Thursday;17:00;Instagram;Fluxa_Article2_Automatiser_Generation_Leads_Entreprise;Automatiser la Génération de Leads en Entreprise : Stratégie...;Carrousel (5-7 slides) + Stories;MOYENNE;Engagement + Notoriété + Trafic indirect;Créer carrousel infographique + Stories avec swipe-up/lien bio
19/02/2026;Thursday;08:00;Blog Fluxa.fr;gain-de-temps-automatisation-tpe;Gain de Temps et Automatisation pour les TPE : Les Meilleure...;Article complet (800-1200 mots);CRITIQUE;Indexation Google + Référencement organique;Publier article complet, optimiser URL, ajouter images, schema.org
19/02/2026;Thursday;10:00;LinkedIn;gain-de-temps-automatisation-tpe;Gain de Temps et Automatisation pour les TPE : Les Meilleure...;Post long (1300 caractères) + lien blog;HAUTE;Backlink + Trafic qualifié B2B;Extraire intro + 2 points clés + conclusion + lien Fluxa.fr
25/02/2026;Wednesday;14:00;Facebook;gain-de-temps-automatisation-tpe;Gain de Temps et Automatisation pour les TPE : Les Meilleure...;Post court (200 caractères) + visuel + lien;HAUTE;Trafic social + Notoriété marque;Créer visuel accrocheur + texte court + CTA + lien en commentaire
26/02/2026;Thursday;17:00;Instagram;gain-de-temps-automatisation-tpe;Gain de Temps et Automatisation pour les TPE : Les Meilleure...;Carrousel (5-7 slides) + Stories;HAUTE;Engagement + Notoriété + Trafic indirect;Créer carrousel infographique + Stories avec swipe-up/lien bio
27/02/2026;Friday;09:00;Instagram Stories;gain-de-temps-automatisation-tpe;Gain de Temps et Automatisation pour les TPE : Les Meilleure...;Stories interactives (3-5 slides);BASSE;Rappel + Engagement;Quiz/Sondage + Lien swipe-up vers blog
26/02/2026;Thursday;08:00;Blog Fluxa.fr;gestion-client-n8n;Automatiser la gestion client avec n8n : gagnez du temps et ...;Article complet (800-1200 mots);CRITIQUE;Indexation Google + Référencement organique;Publier article complet, optimiser URL, ajouter images, schema.org
26/02/2026;Thursday;10:00;LinkedIn;gestion-client-n8n;Automatiser la gestion client avec n8n : gagnez du temps et ...;Post long (1300 caractères) + lien blog;HAUTE;Backlink + Trafic qualifié B2B;Extraire intro + 2 points clés + conclusion + lien Fluxa.fr
04/03/2026;Wednesday;14:00;Facebook;gestion-client-n8n;Automatiser la gestion client avec n8n : gagnez du temps et ...;Post court (200 caractères) + visuel + lien;MOYENNE;Trafic social + Notoriété marque;Créer visuel accrocheur + texte court + CTA + lien en commentaire
05/03/2026;Thursday;08:00;Blog Fluxa.fr;meilleur-outil-automatisation-artisans;Le Meilleur Outil d’Automatisation pour Artisans en 2025 : C...;Article complet (800-1200 mots);CRITIQUE;Indexation Google + Référencement organique;Publier article complet, optimiser URL, ajouter images, schema.org
05/03/2026;Thursday;10:00;LinkedIn;meilleur-outil-automatisation-artisans;Le Meilleur Outil d’Automatisation pour Artisans en 2025 : C...;Post long (1300 caractères) + lien blog;MOYENNE;Backlink + Trafic qualifié B2B;Extraire intro + 2 points clés + conclusion + lien Fluxa.fr
11/03/2026;Wednesday;14:00;Facebook;meilleur-outil-automatisation-artisans;Le Meilleur Outil d’Automatisation pour Artisans en 2025 : C...;Post court (200 caractères) + visuel + lien;HAUTE;Trafic social + Notoriété marque;Créer visuel accrocheur + texte court + CTA + lien en commentaire
12/03/2026;Thursday;17:00;Instagram;meilleur-outil-automatisation-artisans;Le Meilleur Outil d’Automatisation pour Artisans en 2025 : C...;Carrousel (5-7 slides) + Stories;MOYENNE;Engagement + Notoriété + Trafic indirect;Créer carrousel infographique + Stories avec swipe-up/lien bio
13/03/2026;Friday;09:00;Instagram Stories;meilleur-outil-automatisation-artisans;Le Meilleur Outil d’Automatisation pour Artisans en 2025 : C...;Stories interactives (3-5 slides);BASSE;Rappel + Engagement;Quiz/Sondage + Lien swipe-up vers blog
12/03/2026;Thursday;08:00;Blog Fluxa.fr;Meilleur_Outil_Workflow_Automation;Le Meilleur Outil de Workflow Automation en 2025 : Comparati...;Article complet (800-1200 mots);CRITIQUE;Indexation Google + Référencement organique;Publier article complet, optimiser URL, ajouter images, schema.org
12/03/2026;Thursday;10:00;LinkedIn;Meilleur_Outil_Workflow_Automation;Le Meilleur Outil de Workflow Automation en 2025 : Comparati...;Post long (1300 caractères) + lien blog;HAUTE;Backlink + Trafic qualifié B2B;Extraire intro + 2 points clés + conclusion + lien Fluxa.fr
18/03/2026;Wednesday;14:00;Facebook;Meilleur_Outil_Workflow_Automation;Le Meilleur Outil de Workflow Automation en 2025 : Comparati...;Post court (200 caractères) + visuel + lien;MOYENNE;Trafic social + Notoriété marque;Créer visuel accrocheur + texte court + CTA + lien en commentaire
19/03/2026;Thursday;08:00;Blog Fluxa.fr;rappels-rendezvous-n8n;Automatiser les rappels de rendez-vous avec n8n : réduisez l...;Article complet (800-1200 mots);CRITIQUE;Indexation Google + Référencement organique;Publier article complet, optimiser URL, ajouter images, schema.org
19/03/2026;Thursday;10:00;LinkedIn;rappels-rendezvous-n8n;Automatiser les rappels de rendez-vous avec n8n : réduisez l...;Post long (1300 caractères) + lien blog;HAUTE;Backlink + Trafic qualifié B2B;Extraire intro + 2 points clés + conclusion + lien Fluxa.fr
25/03/2026;Wednesday;14:00;Facebook;rappels-rendezvous-n8n;Automatiser les rappels de rendez-vous avec n8n : réduisez l...;Post court (200 caractères) + visuel + lien;MOYENNE;Trafic social + Notoriété marque;Créer visuel accrocheur + texte court + CTA + lien en commentaire
26/03/2026;Thursday;08:00;Blog Fluxa.fr;reduire-couts-operationnels-automatisation;Réduire ses Coûts Opérationnels Grâce à l’Automatisation : S...;Article complet (800-1200 mots);CRITIQUE;Indexation Google + Référencement organique;Publier article complet, optimiser URL, ajouter images, schema.org
26/03/2026;Thursday;10:00;LinkedIn;reduire-couts-operationnels-automatisation;Réduire ses Coûts Opérationnels Grâce à l’Automatisation : S...;Post long (1300 caractères) + lien blog;HAUTE;Backlink + Trafic qualifié B2B;Extraire intro + 2 points clés + conclusion + lien Fluxa.fr
01/04/2026;Wednesday;14:00;Facebook;reduire-couts-operationnels-automatisation;Réduire ses Coûts Opérationnels Grâce à l’Automatisation : S...;Post court (200 caractères) + visuel + lien;MOYENNE;Trafic social + Notoriété marque;Créer visuel accrocheur + texte court + CTA + lien en commentaire
02/04/2026;Thursday;17:00;Instagram;reduire-couts-operationnels-automatisation;Réduire ses Coûts Opérationnels Grâce à l’Automatisation : S...;Carrousel (5-7 slides) + Stories;MOYENNE;Engagement + Notoriété + Trafic indirect;Créer carrousel infographique + Stories avec swipe-up/lien bio
02/04/2026;Thursday;08:00;Blog Fluxa.fr;reseaux-sociaux-n8n;Automatiser les réseaux sociaux avec n8n : gagnez du temps e...;Article complet (800-1200 mots);CRITIQUE;Indexation Google + Référencement organique;Publier article complet, optimiser URL, ajouter images, schema.org
02/04/2026;Thursday;10:00;LinkedIn;reseaux-sociaux-n8n;Automatiser les réseaux sociaux avec n8n : gagnez du temps e...;Post long (1300 caractères) + lien blog;HAUTE;Backlink + Trafic qualifié B2B;Extraire intro + 2 points clés + conclusion + lien Fluxa.fr
08/04/2026;Wednesday;14:00;Facebook;reseaux-sociaux-n8n;Automatiser les réseaux sociaux avec n8n : gagnez du temps e...;Post court (200 caractères) + visuel + lien;MOYENNE;Trafic social + Notoriété marque;Créer visuel accrocheur + texte court + CTA + lien en commentaire
09/04/2026;Thursday;08:00;Blog Fluxa.fr;service-client-n8n;Automatiser le service client avec n8n : offrir une expérien...;Article complet (800-1200 mots);CRITIQUE;Indexation Google + Référencement organique;Publier article complet, optimiser URL, ajouter images, schema.org
09/04/2026;Thursday;10:00;LinkedIn;service-client-n8n;Automatiser le service client avec n8n : offrir une expérien...;Post long (1300 caractères) + lien blog;HAUTE;Backlink + Trafic qualifié B2B;Extraire intro + 2 points clés + conclusion + lien Fluxa.fr
15/04/2026;Wednesday;14:00;Facebook;service-client-n8n;Automatiser le service client avec n8n : offrir une expérien...;Post court (200 caractères) + visuel + lien;MOYENNE;Trafic social + Notoriété marque;Créer visuel accrocheur + texte court + CTA + lien en commentaire
16/04/2026;Thursday;08:00;Blog Fluxa.fr;workflow-marketing-automation-gratuit;Workflow Marketing Automation Gratuit : Comment Lancer sa St...;Article complet (800-1200 mots);CRITIQUE;Indexation Google + Référencement organique;Publier article complet, optimiser URL, ajouter images, schema.org
16/04/2026;Thursday;10:00;LinkedIn;workflow-marketing-automation-gratuit;Workflow Marketing Automation Gratuit : Comment Lancer sa St...;Post long (1300 caractères) + lien blog;HAUTE;Backlink + Trafic qualifié B2B;Extraire intro + 2 points clés + conclusion + lien Fluxa.fr
22/04/2026;Wednesday;14:00;Facebook;workflow-marketing-automation-gratuit;Workflow Marketing Automation Gratuit : Comment Lancer sa St...;Post court (200 caractères) + visuel + lien;MOYENNE;Trafic social + Notoriété marque;Créer visuel accrocheur + texte court + CTA + lien en commentaire
23/04/2026;Thursday;08:00;Blog Fluxa.fr;workflow-n8n-pme;Créer un workflow n8n pour PME : automatiser vos processus m...;Article complet (800-1200 mots);CRITIQUE;Indexation Google + Référencement organique;Publier article complet, optimiser URL, ajouter images, schema.org
23/04/2026;Thursday;10:00;LinkedIn;workflow-n8n-pme;Créer un workflow n8n pour PME : automatiser vos processus m...;Post long (1300 caractères) + lien blog;HAUTE;Backlink + Trafic qualifié B2B;Extraire intro + 2 points clés + conclusion + lien Fluxa.fr
29/04/2026;Wednesday;14:00;Facebook;workflow-n8n-pme;Créer un workflow n8n pour PME : automatiser vos processus m...;Post court (200 caractères) + visuel + lien;MOYENNE;Trafic social + Notoriété marque;Créer visuel accrocheur + texte court + CTA + lien en commentaire
